$ 1 0.000005 14.235633750745258 56 5 43
v -752 176 -752 64 0 0 40 6 0 0 0.5
r -656 -16 -560 -16 0 510
r -656 240 -560 240 0 510
r -448 64 -448 160 0 510
v -176 176 -176 64 0 0 40 12 0 0 0.5
r -352 -16 -256 -16 0 1000
r -352 240 -256 240 0 330
w -752 64 -752 -16 0
w -752 -16 -656 -16 0
w -560 -16 -352 -16 0
w -256 -16 -176 -16 0
w -176 -16 -176 64 0
w -176 176 -176 240 0
w -176 240 -256 240 0
w -352 240 -560 240 0
w -656 240 -752 240 0
w -752 240 -752 176 0
w -448 64 -448 -16 0
w -448 160 -448 240 0
w -352 -16 -448 -16 0
w -352 240 -448 240 0
o 3 64 0 4099 5 0.05 0 2 3 3
o 17 64 0 4099 10 0.05 1 2 17 3
o 2 64 0 4099 5 0.0125 2 2 2 3
